26 10 98.93 661 86.00 61 2.00 0.22 false
38 21 45.92 1463 25.69 235 3.81 0.19 false
18 10 98.81 680 19.23 79 2.60 0.29 false
46 26 30.21 1413 40.25 219 4.00 0.16 false
12 9 91.24 320 38.61 44 2.89 0.36 false
28 15 93.19 1250 30.62 370 4.40 0.31 false
16 7 92.83 363 22.20 31 2.00 0.33 false
31 12 84.78 309 54.04 71 3.00 0.27 false
21 11 72.15 747 14.58 73 3.45 0.35 false
47 20 75.89 1693 28.96 346 6.20 0.33 false
30 14 87.80 1001 13.96 120 3.71 0.29 true
20 12 81.75 1902 23.93 207 3.50 0.32 true
39 23 84.63 2383 35.51 280 3.48 0.16 true
14 3 99.99 5 0.64 1 1.33 0.67 true
67 29 70.84 2010 29.08 382 5.45 0.19 true
18 7 95.69 1279 28.60 238 2.86 0.48 true
16 10 93.70 143 12.04 23 2.80 0.31 true
22 9 98.33 602 25.08 63 2.00 0.25 true
26 17 89.02 893 14.62 67 2.35 0.15 true
19 8 96.73 1503 27.22 125 2.25 0.32 true
12 7 65.10 685 36.01 75 3.14 0.52 false
37 14 95.69 2025 34.65 162 3.29 0.25 false
26 14 95.02 1631 49.79 223 3.29 0.25 false
64 25 87.93 597 14.91 113 2.88 0.12 false
26 16 58.20 895 29.23 107 3.75 0.25 false
13 8 94.26 1204 36.47 85 3.00 0.43 false
12 8 95.73 540 13.48 43 2.50 0.36 false
36 20 83.68 1214 36.35 213 5.30 0.28 false
17 9 86.18 210 39.76 43 3.11 0.39 false
15 10 98.80 928 34.09 102 2.40 0.27 false
11 8 81.77 214 3.67 42 3.25 0.46 true
8 3 99.99 434 18.77 44 2.00 1.00 true
13 6 50.79 628 48.27 92 1.67 0.33 true
58 23 87.40 1350 36.26 349 4.00 0.18 true
28 15 97.25 2301 60.83 296 3.07 0.22 true
27 15 96.46 680 18.79 25 2.27 0.16 true
53 32 73.75 1315 35.40 357 4.56 0.15 true
8 3 99.99 581 40.23 3 1.33 0.67 true
25 8 95.07 874 36.37 168 3.50 0.50 true
41 11 43.17 873 27.97 136 3.27 0.33 true
65 26 71.12 2338 26.41 405 3.38 0.14 false
58 21 62.92 1098 31.83 214 3.52 0.18 false
29 13 82.78 1546 37.63 296 3.85 0.32 false
28 14 90.02 4253 50.14 1063 4.57 0.35 false
11 8 92.46 2019 40.12 182 3.25 0.46 false
29 12 69.11 612 43.32 129 3.67 0.33 false
23 14 94.17 1185 24.77 181 3.71 0.29 false
48 22 88.43 1937 31.78 191 2.82 0.13 false
37 18 48.59 1788 34.38 329 7.78 0.46 false
40 13 82.98 2210 46.68 344 4.46 0.37 false
33 14 96.37 607 35.92 66 3.57 0.27 true
20 1 99.99 101 58.76 0 0.00 0.10 true
23 13 97.09 723 7.45 20 2.00 0.17 true
34 20 92.47 1051 11.57 131 3.20 0.17 true
61 29 88.02 1570 41.99 240 3.59 0.13 true
46 28 74.97 1039 24.10 182 3.79 0.14 true
20 7 98.84 1397 16.41 41 1.71 0.29 true
8 3 99.99 23 44.07 2 1.33 0.67 true
26 11 71.03 1495 42.76 214 3.09 0.31 false
31 21 46.66 1187 31.27 161 3.90 0.20 false
44 18 79.18 1307 28.39 285 3.78 0.22 false
20 11 70.15 965 29.70 123 3.27 0.33 false
44 17 81.44 1790 31.43 370 3.76 0.24 false
48 18 91.52 1629 44.37 289 3.00 0.18 false
60 25 89.62 1514 37.49 198 3.04 0.13 false
56 29 72.61 2498 36.27 212 4.21 0.15 false
46 17 53.98 1628 38.93 208 4.82 0.30 false
33 13 91.80 1673 25.29 113 2.62 0.22 false
28 9 98.93 1610 38.15 175 2.22 0.28 true
10 6 51.30 306 15.93 34 2.67 0.53 true
20 8 95.87 291 6.76 24 2.00 0.29 true
21 14 96.98 1396 35.93 37 2.14 0.16 true
25 11 65.19 839 12.69 141 3.45 0.35 true
1 0 0.10 0 0.00 0 0.10 0.10 true
41 8 86.95 92 2.85 29 2.25 0.32 true
16 11 39.31 117 2.83 21 2.73 0.27 true
24 15 97.68 2851 51.93 117 2.40 0.17 true
67 29 81.08 2543 38.25 544 5.31 0.19 true
14 8 94.18 241 14.75 20 2.25 0.32 false
31 11 69.55 923 25.55 161 3.27 0.33 false
66 31 25.45 542 15.87 176 3.61 0.12 false
27 9 97.67 3355 46.93 203 3.33 0.42 false
37 16 47.45 1239 32.04 221 5.38 0.36 false
38 16 47.56 2138 49.03 573 4.50 0.30 false
53 22 85.27 3158 46.01 347 3.36 0.16 false
46 22 72.83 1598 30.50 269 3.73 0.18 false
79 40 82.41 2542 57.93 462 4.80 0.12 false
35 14 92.50 307 15.51 100 2.43 0.19 false
117 59 77.05 11641 43.50 874 4.61 0.08 true
33 16 76.22 1510 37.88 167 3.00 0.20 true
37 19 70.44 1973 29.30 432 5.37 0.30 true
86 31 35.47 10565 41.74 890 4.97 0.17 true
25 10 98.17 494 16.23 29 2.60 0.29 true
18 9 99.29 2291 34.33 164 2.67 0.33 true
2 2 99.99 16 2.12 0 1.00 1.00 true
43 21 50.06 1394 28.65 409 4.67 0.23 true
21 11 38.26 695 36.27 92 3.64 0.36 true
72 29 83.51 8404 44.66 1414 5.72 0.20 true
