63 30 89.81 2958 31.59 671 4.47 0.15 false
13 9 81.71 536 13.92 74 2.44 0.31 false
8 4 99.99 475 29.46 28 2.00 0.67 false
16 7 62.26 440 32.37 99 4.29 0.71 false
17 10 94.22 468 33.12 51 3.20 0.36 false
15 6 55.79 181 35.30 37 3.00 0.60 false
6 5 99.99 91 22.65 11 2.40 0.60 false
19 7 92.07 631 56.02 124 2.57 0.43 false
58 24 84.52 4047 42.79 855 4.50 0.20 false
24 12 83.66 251 34.73 40 2.33 0.21 false
60 23 77.48 1666 30.75 429 4.09 0.19 true
64 21 69.97 986 82.02 271 4.86 0.24 true
31 15 92.60 2367 21.08 364 4.27 0.30 true
54 31 32.14 1154 16.65 181 4.45 0.15 true
63 38 47.86 658 21.30 143 3.32 0.09 true
56 29 76.12 2279 25.34 429 4.83 0.17 true
25 11 58.32 648 24.82 56 2.73 0.27 true
155 64 87.59 2943 32.61 336 2.78 0.04 true
4 3 99.99 116 21.50 15 1.33 0.67 true
22 12 76.51 856 57.97 74 2.83 0.26 true
41 21 41.85 1971 34.23 575 6.00 0.30 false
65 27 51.85 2285 45.89 521 6.44 0.25 false
66 33 50.89 776 31.42 164 4.79 0.15 false
45 25 85.44 4419 36.13 460 5.36 0.22 false
61 20 86.52 1967 44.96 441 4.60 0.24 false
39 17 70.08 2086 40.83 309 3.88 0.24 false
43 22 84.21 1001 51.95 186 3.36 0.16 false
21 6 76.73 86 51.73 22 2.00 0.40 false
25 9 86.51 356 27.62 73 4.22 0.53 false
20 10 86.48 37 11.93 17 2.60 0.29 false
12 4 99.99 312 17.64 42 2.50 0.83 true
4 3 99.99 241 14.07 9 1.33 0.67 true
166 68 76.72 2230 43.28 613 4.68 0.07 true
6 5 99.99 31 1.29 8 2.00 0.50 true
3 2 99.99 248 6.23 0 1.00 1.00 true
58 23 87.55 1350 36.26 346 4.00 0.18 true
59 24 72.02 2156 31.06 317 4.42 0.19 true
24 13 82.82 903 21.55 51 2.15 0.18 true
42 20 91.06 291 41.02 39 2.30 0.12 true
191 92 64.19 2626 39.17 690 5.39 0.06 true
41 21 36.01 583 27.67 182 4.29 0.21 false
6 3 99.99 1227 37.67 5 1.33 0.67 false
3 2 99.99 30 4.17 0 1.00 1.00 false
24 13 73.29 1165 28.28 263 3.85 0.32 false
145 39 64.33 3990 50.15 1239 7.44 0.20 false
59 32 52.32 1567 19.12 251 4.44 0.14 false
78 49 75.84 2940 43.90 517 4.53 0.09 false
40 20 91.12 1511 33.93 318 4.60 0.24 false
66 30 78.49 1549 31.86 252 4.40 0.15 false
58 34 85.38 2477 39.92 486 4.82 0.15 false
34 18 93.19 1749 23.87 198 3.44 0.20 true
87 23 92.41 1002 14.23 111 2.35 0.11 true
132 61 48.30 1542 32.58 285 3.02 0.05 true
107 41 22.20 2458 30.98 826 6.24 0.16 true
152 29 90.89 868 56.08 108 2.21 0.08 true
79 25 81.17 3257 33.54 959 6.80 0.28 true
228 79 70.00 2141 33.03 294 3.32 0.04 true
9 3 99.99 283 26.33 6 2.00 1.00 true
89 22 86.26 1442 30.23 263 3.36 0.16 true
20 7 98.84 1397 16.41 41 1.71 0.29 true
65 33 84.77 1202 45.35 279 3.21 0.10 false
54 24 67.19 1317 36.33 257 5.50 0.24 false
21 6 78.07 73 4.54 15 1.67 0.33 false
45 16 55.30 2186 42.94 343 4.00 0.27 false
67 28 68.48 3177 40.93 932 7.43 0.28 false
68 23 95.34 2386 40.90 217 2.52 0.11 false
26 7 99.23 1585 30.94 23 1.71 0.29 false
17 8 86.89 290 28.04 45 3.25 0.46 false
129 52 47.61 1514 34.08 537 3.15 0.06 false
74 33 50.54 2471 30.98 460 6.55 0.20 false
13 9 95.39 522 15.35 53 2.67 0.33 true
50 26 86.73 430 12.14 52 2.38 0.10 true
92 38 62.80 1401 35.50 250 3.53 0.10 true
31 21 76.78 1366 37.50 112 2.76 0.14 true
39 15 98.70 1245 29.14 165 3.07 0.22 true
67 39 68.90 1676 18.93 299 3.38 0.09 true
17 9 99.05 534 18.87 16 2.00 0.25 true
117 51 44.17 1005 30.08 246 3.49 0.07 true
136 55 93.93 4156 19.77 605 2.65 0.05 true
47 24 95.39 2435 34.14 426 3.00 0.13 true
23 13 64.98 1034 19.37 191 4.92 0.41 false
69 21 48.14 1487 26.84 287 4.19 0.21 false
28 12 63.53 458 40.52 93 3.83 0.35 false
48 19 77.28 2294 55.94 507 5.26 0.29 false
55 26 29.15 3241 34.24 598 6.69 0.27 false
38 8 89.08 275 23.21 87 3.25 0.46 false
27 12 91.03 2053 48.84 227 3.83 0.35 false
22 6 38.23 34 74.25 17 2.67 0.53 false
13 9 88.72 355 29.90 48 3.11 0.39 false
66 25 86.64 2150 43.91 452 4.96 0.21 false
34 3 99.99 16 56.45 6 2.00 1.00 true
20 11 38.47 382 48.31 76 4.36 0.44 true
149 60 56.11 1046 32.28 326 3.80 0.06 true
82 24 85.95 741 16.56 98 2.58 0.11 true
127 49 69.65 2663 26.20 774 5.59 0.12 true
188 64 71.46 2229 25.09 654 5.28 0.08 true
34 8 99.42 1588 35.28 37 1.75 0.25 true
1 1 99.99 2 0.11 0 0.00 0.10 true
101 35 81.91 1040 27.40 168 2.74 0.08 true
41 27 47.21 1008 18.86 111 3.48 0.13 true
