36 14 85.22 1774 57.00 216 4.86 0.37 false
63 25 83.03 843 23.80 279 4.56 0.19 false
41 17 75.41 2006 51.69 381 5.06 0.32 false
23 10 99.12 803 12.93 50 1.80 0.20 false
57 33 70.60 2334 53.89 530 5.27 0.16 false
38 20 83.70 1375 30.22 157 3.00 0.16 false
39 19 85.50 2285 48.91 517 5.37 0.30 false
50 27 60.63 1931 41.84 466 4.81 0.19 false
64 25 73.35 1644 25.73 556 6.88 0.29 false
35 14 92.74 1572 54.58 279 4.57 0.35 false
38 12 90.79 2467 51.12 231 3.17 0.29 true
38 16 74.42 1877 59.50 197 3.75 0.25 true
53 16 72.30 1791 57.07 246 4.38 0.29 true
36 12 83.42 2499 46.08 400 4.00 0.36 true
14 10 98.63 1104 34.47 118 2.40 0.27 true
46 20 91.23 1050 58.85 236 4.30 0.23 true
25 13 83.82 1589 35.89 134 4.00 0.33 true
45 16 31.27 1963 39.07 273 4.00 0.27 true
20 13 71.00 345 36.17 57 4.00 0.33 true
7 6 88.79 125 32.59 12 2.00 0.40 true
40 16 53.87 2177 54.28 303 4.25 0.28 false
47 20 83.43 2355 59.55 345 5.20 0.27 false
30 19 83.77 1825 41.45 219 3.47 0.19 false
35 16 59.04 1458 38.15 235 3.88 0.26 false
31 12 93.42 1248 29.89 127 2.33 0.21 false
76 29 70.69 2983 48.66 623 6.90 0.25 false
46 22 52.91 1680 45.35 252 4.55 0.22 false
29 18 79.55 1928 31.46 273 4.78 0.28 false
50 24 83.01 1767 43.36 320 5.42 0.24 false
46 16 34.36 1062 35.67 364 5.75 0.38 false
122 33 93.69 2443 65.83 559 3.21 0.10 true
11 8 96.25 1043 49.98 92 3.00 0.43 true
55 35 91.94 1043 37.09 81 2.34 0.07 true
50 23 72.67 2313 51.47 419 4.87 0.22 true
26 17 78.57 1419 26.93 167 3.18 0.20 true
29 12 90.50 875 65.41 156 2.50 0.23 true
30 14 96.33 2571 46.50 224 3.29 0.25 true
14 6 63.68 2024 34.56 214 2.00 0.40 true
45 23 85.18 2553 48.09 326 3.74 0.17 true
57 21 35.57 1217 44.14 280 4.29 0.21 true
35 13 85.00 894 47.24 176 4.15 0.35 false
12 6 89.10 698 16.32 73 2.33 0.47 false
15 7 88.33 952 39.08 43 2.86 0.48 false
33 18 77.04 1817 57.30 132 3.33 0.20 false
17 10 96.14 960 28.92 218 4.20 0.47 false
14 9 98.05 926 57.39 75 2.89 0.36 false
12 7 79.66 738 21.09 90 3.14 0.52 false
27 13 82.70 1799 46.81 216 4.46 0.37 false
52 24 68.78 1054 29.27 253 4.50 0.20 false
47 21 33.58 1274 32.26 262 4.19 0.21 false
66 25 85.16 2421 55.63 420 3.76 0.16 true
49 20 85.80 2798 52.99 503 5.10 0.27 true
15 5 99.99 915 48.26 86 2.80 0.70 true
58 19 92.03 1759 47.09 263 4.11 0.23 true
60 26 74.69 3123 37.21 608 4.31 0.17 true
39 21 88.51 2352 45.47 244 2.86 0.14 true
84 36 28.18 1334 38.65 353 4.50 0.13 true
57 22 84.38 1185 37.89 137 2.64 0.13 true
107 45 88.57 2985 55.20 496 3.60 0.08 true
42 16 57.96 2222 57.61 462 4.63 0.31 true
26 7 93.03 992 39.71 314 2.57 0.43 false
42 12 51.91 1618 34.11 182 5.17 0.47 false
47 14 93.28 1700 40.68 489 4.71 0.36 false
57 24 88.54 1764 42.37 410 3.92 0.17 false
61 31 25.72 2460 40.96 288 4.19 0.14 false
60 25 80.43 1314 28.57 201 3.92 0.16 false
39 14 84.00 913 32.98 121 3.57 0.27 false
41 20 72.42 1846 43.91 276 5.20 0.27 false
56 21 57.02 2411 47.86 579 4.57 0.23 false
35 13 80.57 1581 55.00 352 4.92 0.41 false
5 3 99.99 119 8.39 5 1.33 0.67 true
36 16 32.71 1806 39.78 263 3.75 0.25 true
57 25 76.78 2499 31.16 414 6.56 0.27 true
30 16 45.71 1833 34.81 276 3.75 0.25 true
30 13 89.82 2961 48.35 453 4.92 0.41 true
88 45 84.09 1988 56.28 382 3.33 0.08 true
16 10 98.53 1784 43.59 240 3.00 0.33 true
48 27 69.97 1569 51.62 281 4.59 0.18 true
38 15 95.74 1152 63.46 215 3.20 0.23 true
55 18 96.42 1455 37.72 384 3.67 0.22 true
48 22 50.86 1384 28.20 402 4.55 0.22 false
65 21 42.19 1583 52.22 517 5.05 0.25 false
99 35 66.29 549 19.08 123 3.31 0.10 false
48 19 73.47 1757 31.69 214 5.37 0.30 false
30 14 90.08 1009 40.61 201 4.00 0.31 false
67 25 81.03 886 37.54 187 3.20 0.13 false
58 18 76.39 1178 33.82 201 4.33 0.25 false
18 5 99.99 1186 35.38 29 1.60 0.40 false
37 19 76.48 1510 38.16 193 4.84 0.27 false
47 27 43.36 1877 37.45 447 4.67 0.18 false
47 18 83.89 1087 35.80 182 4.11 0.24 true
107 41 22.20 2458 30.98 826 6.24 0.16 true
38 14 79.63 1960 44.76 391 6.14 0.47 true
21 9 99.00 1011 28.57 67 2.44 0.31 true
92 37 32.87 1904 63.88 520 6.43 0.18 true
15 5 99.99 467 29.39 9 2.00 0.50 true
48 23 87.98 2214 52.73 380 3.74 0.17 true
35 8 99.52 1060 62.13 249 2.00 0.29 true
20 7 98.84 1397 16.41 41 1.71 0.29 true
45 21 58.63 1284 45.08 226 4.67 0.23 true
