54 25 63.30 357 11.20 78 2.88 0.12 false
3 3 99.99 54 24.84 3 1.33 0.67 false
4 3 99.99 75 16.52 2 1.33 0.67 false
4 1 99.99 2 1.10 0 0.00 0.10 false
6 5 99.99 138 39.72 31 2.80 0.70 false
2 1 99.99 22 25.60 0 0.00 0.10 false
2 1 99.99 49 30.64 0 0.00 0.10 false
9 6 61.99 150 53.21 12 2.00 0.40 false
5 5 99.99 93 48.34 13 2.00 0.50 false
6 4 99.99 153 49.49 39 1.50 0.50 false
16 7 66.06 168 44.86 29 2.57 0.43 true
9 4 99.99 77 41.82 17 3.00 1.00 true
1 1 99.99 1 0.06 0 0.00 0.10 true
4 1 99.99 1 0.03 0 0.00 0.10 true
2 1 99.99 7 10.57 0 0.00 0.10 true
2 1 99.99 16 9.83 0 0.00 0.10 true
8 5 99.99 126 35.43 16 2.00 0.50 true
2 2 99.99 38 6.56 0 1.00 1.00 true
6 3 99.99 60 25.35 11 1.33 0.67 true
6 4 99.99 124 66.02 29 2.00 0.67 true
2 2 99.99 12 6.40 0 1.00 1.00 false
12 8 66.13 127 26.62 28 2.50 0.36 false
6 4 99.99 131 21.33 14 2.00 0.67 false
5 2 99.99 112 31.72 0 1.00 1.00 false
7 6 57.42 101 21.21 13 2.00 0.40 false
4 3 99.99 123 39.00 36 2.00 1.00 false
3 3 99.99 74 53.08 11 1.33 0.67 false
5 2 99.99 28 18.58 0 1.00 1.00 false
4 4 99.99 115 36.56 27 2.00 0.67 false
3 2 99.99 110 80.11 0 1.00 1.00 false
2 1 99.99 38 13.49 0 0.00 0.10 true
3 3 99.99 46 47.24 4 1.33 0.67 true
3 2 99.99 63 14.68 0 1.00 1.00 true
3 2 99.99 107 22.98 0 1.00 1.00 true
8 2 99.99 100 38.01 0 1.00 1.00 true
3 3 99.99 162 51.72 17 2.00 1.00 true
5 4 99.99 254 28.00 14 1.50 0.50 true
6 3 99.99 135 45.05 5 1.33 0.67 true
5 4 99.99 40 13.77 12 2.00 0.67 true
12 6 52.62 38 17.14 16 3.00 0.60 true
2 1 99.99 21 8.20 0 0.00 0.10 false
1 1 99.99 14 25.48 0 0.00 0.10 false
5 3 99.99 26 22.58 12 2.00 1.00 false
6 2 99.99 27 27.07 0 1.00 1.00 false
2 1 99.99 39 28.44 0 0.00 0.10 false
8 4 99.99 71 22.33 19 2.50 0.83 false
3 2 99.99 7 4.71 0 1.00 1.00 false
4 2 99.99 88 37.35 0 1.00 1.00 false
2 1 99.99 23 13.60 0 0.00 0.10 false
2 1 99.99 78 29.95 0 0.00 0.10 false
3 3 99.99 108 35.64 7 2.00 1.00 true
7 5 99.99 93 45.13 17 2.40 0.60 true
8 4 99.99 183 43.47 47 3.00 1.00 true
2 1 99.99 12 5.77 0 0.00 0.10 true
4 3 99.99 29 67.37 5 1.33 0.67 true
4 0 0.10 0 0.00 0 0.10 0.10 true
2 1 99.99 19 20.76 0 0.00 0.10 true
3 3 99.99 60 49.52 5 1.33 0.67 true
11 6 56.92 202 28.54 32 2.33 0.47 true
3 3 99.99 52 17.05 1 1.33 0.67 true
6 3 99.99 138 38.26 11 1.33 0.67 false
7 6 32.52 83 15.47 6 2.00 0.40 false
14 6 82.41 165 24.21 11 1.67 0.33 false
3 2 99.99 128 29.61 0 1.00 1.00 false
5 3 99.99 43 31.39 7 1.33 0.67 false
1 1 99.99 44 54.85 0 0.00 0.10 false
7 5 99.99 61 49.25 12 2.40 0.60 false
2 1 99.99 31 15.68 0 0.00 0.10 false
11 5 99.99 49 32.00 16 2.00 0.50 false
11 7 66.51 230 44.62 32 2.57 0.43 false
13 6 69.47 154 49.77 31 2.00 0.40 true
1 1 99.99 2 77.81 0 0.00 0.10 true
6 3 99.99 275 59.91 46 2.00 1.00 true
2 2 99.99 9 20.90 0 1.00 1.00 true
9 5 99.99 138 30.35 46 3.60 0.90 true
1 1 99.99 39 14.06 0 0.00 0.10 true
1 1 99.99 9 23.40 0 0.00 0.10 true
8 1 99.99 107 43.73 0 0.00 0.10 true
7 3 99.99 59 13.15 6 1.33 0.67 true
5 3 99.99 37 24.95 4 1.33 0.67 true
10 5 99.99 257 49.05 33 2.80 0.70 false
3 3 99.99 34 20.68 5 2.00 1.00 false
2 2 99.99 93 48.10 0 1.00 1.00 false
7 5 99.99 63 54.13 20 2.80 0.70 false
6 3 99.99 48 19.89 9 2.00 1.00 false
1 1 99.99 41 63.75 0 0.00 0.10 false
1 1 99.99 49 34.56 0 0.00 0.10 false
2 2 99.99 82 45.83 0 1.00 1.00 false
7 4 99.99 146 29.83 28 2.50 0.83 false
15 10 81.65 229 36.11 52 4.60 0.51 false
6 4 99.99 457 56.91 28 2.00 0.67 true
6 3 99.99 179 37.32 21 2.00 1.00 true
2 1 99.99 2 0.98 0 0.00 0.10 true
4 2 99.99 189 40.24 0 1.00 1.00 true
2 2 99.99 53 55.52 0 1.00 1.00 true
3 2 99.99 89 88.22 0 1.00 1.00 true
3 2 99.99 27 37.99 0 1.00 1.00 true
12 8 93.83 146 40.12 20 1.75 0.25 true
9 7 61.68 154 42.42 19 3.14 0.52 true
4 0 0.10 0 0.00 0 0.10 0.10 true
