88 19 95.40 1524 25.62 130 2.42 0.13 false
55 31 45.07 2094 21.06 217 4.32 0.14 false
69 34 76.25 2367 30.85 479 4.29 0.13 false
26 18 88.19 2297 50.98 194 2.89 0.17 false
43 23 71.44 1755 27.91 289 4.35 0.20 false
49 26 78.06 2079 23.70 363 3.38 0.14 false
77 37 28.12 1454 14.30 344 6.05 0.17 false
30 22 76.20 1551 32.75 225 3.55 0.17 false
19 7 82.23 1115 46.78 126 2.29 0.38 false
25 11 45.39 1392 43.03 156 3.82 0.38 false
55 15 90.57 499 49.56 112 3.47 0.25 true
51 23 88.54 2594 36.78 319 3.22 0.15 true
42 15 95.98 349 3.65 24 2.27 0.16 true
31 17 78.32 2247 40.22 248 3.41 0.21 true
67 29 81.08 2543 38.25 544 5.31 0.19 true
88 41 38.65 2059 37.04 501 5.07 0.13 true
20 4 99.99 1315 16.34 62 2.00 0.67 true
59 18 67.14 2195 43.93 393 4.78 0.28 true
14 9 97.28 1588 47.49 170 2.67 0.33 true
50 22 61.36 1504 58.83 340 4.91 0.23 true
53 24 72.11 947 20.06 131 4.00 0.17 false
22 16 41.18 1175 25.86 183 4.38 0.29 false
89 30 88.34 2069 35.47 435 4.33 0.15 false
102 35 76.21 1455 34.96 385 5.37 0.16 false
59 30 87.21 1494 30.64 268 4.87 0.17 false
27 9 86.70 2672 24.17 336 4.44 0.56 false
129 39 89.32 1472 27.46 196 2.72 0.07 false
53 25 84.60 1533 20.39 140 2.96 0.12 false
18 12 78.04 1494 20.25 106 3.33 0.30 false
63 30 81.61 3351 43.72 574 5.87 0.20 false
188 82 70.68 5182 15.59 700 4.20 0.05 true
130 34 92.63 2622 22.67 396 3.24 0.10 true
48 5 99.99 11 75.01 4 1.60 0.40 true
283 80 60.87 8187 19.21 1798 6.65 0.08 true
89 39 77.62 2409 22.41 331 4.00 0.11 true
25 16 47.87 2623 32.91 419 4.50 0.30 true
33 18 71.12 1015 29.30 215 5.00 0.29 true
16 7 90.14 274 24.46 28 3.14 0.52 true
386 72 54.84 4890 33.98 1262 5.78 0.08 true
105 30 95.16 2775 38.07 401 3.00 0.10 true
37 15 87.06 1377 40.03 299 5.07 0.36 false
30 15 95.01 903 41.17 97 2.67 0.19 false
12 9 98.69 1456 25.38 174 2.44 0.31 false
6 4 99.99 1553 25.73 67 1.50 0.50 false
45 25 89.06 1135 54.55 287 4.32 0.18 false
17 8 94.22 763 22.98 105 3.00 0.43 false
52 22 64.43 1620 32.55 219 4.18 0.20 false
59 26 60.40 1566 42.28 292 3.69 0.15 false
63 23 74.74 1307 30.99 298 4.87 0.22 false
10 7 98.71 857 30.56 36 2.00 0.33 false
146 51 67.49 877 19.36 156 2.75 0.05 true
112 45 75.96 3662 45.58 638 4.71 0.11 true
36 16 47.92 1784 27.00 283 4.88 0.33 true
39 23 84.63 2383 35.51 280 3.48 0.16 true
67 29 70.84 2010 29.08 382 5.45 0.19 true
46 28 74.97 1039 24.10 182 3.79 0.14 true
25 14 90.74 1276 34.79 292 5.00 0.38 true
15 7 98.66 902 29.54 35 2.29 0.38 true
124 34 78.52 3573 34.96 868 6.59 0.20 true
93 31 45.44 1540 27.19 254 3.68 0.12 true
108 37 62.40 1221 31.82 270 4.00 0.11 false
291 124 40.87 3087 29.45 713 4.84 0.04 false
33 9 96.73 798 34.31 223 3.56 0.44 false
115 27 82.24 552 19.58 177 3.41 0.13 false
11 8 86.81 220 30.06 21 2.50 0.36 false
30 12 85.73 1213 45.95 152 3.50 0.32 false
15 10 87.73 106 6.05 30 2.80 0.31 false
21 10 97.91 673 42.35 87 2.20 0.24 false
15 3 99.99 11 50.32 3 2.00 1.00 false
9 5 99.99 78 39.32 14 2.00 0.50 false
117 59 77.05 11641 43.50 874 4.61 0.08 true
48 20 95.10 5375 32.81 417 3.10 0.16 true
100 39 83.39 1181 23.94 273 4.15 0.11 true
41 17 69.44 838 29.83 158 3.29 0.21 true
25 15 92.55 2848 32.60 321 5.47 0.39 true
10 9 94.17 533 34.78 34 2.44 0.31 true
156 35 71.49 1621 30.56 396 5.66 0.17 true
40 15 98.42 1594 30.84 66 2.13 0.15 true
35 17 80.84 2851 52.06 341 3.65 0.23 true
47 21 70.89 2000 38.31 364 3.90 0.20 true
44 16 21.50 744 27.29 295 5.38 0.36 false
74 19 85.37 1300 37.11 327 4.84 0.27 false
67 29 73.57 742 25.29 220 4.83 0.17 false
16 7 92.51 214 11.75 24 2.57 0.43 false
28 6 73.25 430 28.59 95 3.33 0.67 false
81 24 95.22 2327 35.21 286 3.33 0.14 false
48 19 82.96 599 42.75 157 4.00 0.22 false
42 22 52.80 498 35.01 118 3.55 0.17 false
140 48 61.42 2463 44.99 497 5.08 0.11 false
38 21 28.18 1859 39.79 454 5.90 0.30 false
83 34 73.91 1637 32.64 473 5.65 0.17 true
17 6 98.40 1633 42.89 26 2.00 0.40 true
27 8 83.27 1537 15.23 202 3.50 0.50 true
50 22 67.30 930 81.64 233 4.55 0.22 true
130 46 55.00 2076 28.66 390 4.48 0.10 true
27 9 92.48 599 15.20 135 4.00 0.50 true
101 48 71.09 1526 34.16 277 3.75 0.08 true
178 57 65.38 4513 46.53 1028 5.86 0.10 true
9 7 88.73 364 68.93 41 2.57 0.43 true
69 26 48.64 4927 40.62 804 6.23 0.25 true
