42 16 25.91 2380 49.08 723 5.25 0.35 false
44 16 21.55 742 27.43 293 5.38 0.36 false
47 20 94.56 774 52.80 241 3.40 0.18 false
107 34 76.93 5000 47.37 1003 6.06 0.18 false
40 16 27.63 626 35.44 157 4.13 0.28 false
74 29 93.51 2825 41.33 211 2.90 0.10 false
56 25 86.32 1814 41.25 283 4.32 0.18 false
24 5 99.99 305 28.72 21 2.40 0.60 false
44 18 77.29 1132 45.32 398 5.00 0.29 false
57 19 74.42 1439 50.20 633 5.37 0.30 false
35 10 98.51 1215 30.15 54 1.80 0.20 true
104 35 94.71 3655 42.43 266 2.91 0.09 true
180 89 57.75 4856 33.84 1442 5.53 0.06 true
55 8 90.15 122 45.41 23 2.25 0.32 true
130 34 92.63 2622 22.67 396 3.24 0.10 true
1 0 0.10 0 0.00 0 0.10 0.10 true
34 11 45.80 2519 31.18 359 6.00 0.60 true
33 14 78.19 977 15.38 186 5.57 0.43 true
114 35 93.75 1668 76.31 521 3.54 0.10 true
104 30 95.16 2773 38.16 401 3.00 0.10 true
20 11 49.62 1070 51.29 141 2.73 0.27 false
60 24 78.33 965 37.29 265 3.75 0.16 false
60 24 71.28 1536 35.89 375 5.25 0.23 false
29 16 57.66 1578 43.04 284 4.00 0.27 false
31 20 83.13 439 21.09 107 3.60 0.19 false
81 24 95.22 2327 35.21 286 3.33 0.14 false
54 19 84.83 2487 41.73 508 4.32 0.24 false
41 13 72.53 1737 41.70 396 5.85 0.49 false
32 20 92.74 1338 40.35 250 3.90 0.21 false
52 18 68.97 1109 43.77 373 6.44 0.38 false
57 25 88.99 2772 29.81 419 4.32 0.18 true
42 21 72.58 2744 32.66 227 4.29 0.21 true
36 12 79.97 1898 36.77 388 5.00 0.45 true
50 14 95.62 939 25.97 368 3.57 0.27 true
89 38 53.39 3511 42.45 727 5.16 0.14 true
43 21 34.55 2153 29.82 405 4.57 0.23 true
33 13 88.13 1754 32.71 386 4.62 0.38 true
71 30 86.94 3348 22.68 659 4.33 0.15 true
42 23 87.45 2073 38.70 307 4.09 0.19 true
64 27 53.83 4911 33.18 783 4.59 0.18 true
53 24 87.40 2422 34.74 574 5.17 0.22 false
41 14 85.79 2239 41.35 327 4.57 0.35 false
21 10 94.08 728 31.50 141 4.00 0.44 false
30 13 64.43 495 22.44 175 6.15 0.51 false
55 26 29.15 3241 34.24 598 6.69 0.27 false
20 11 63.35 232 20.33 63 2.73 0.27 false
32 18 96.10 1053 29.13 98 2.33 0.14 false
38 17 95.60 797 18.82 43 2.35 0.15 false
19 9 98.96 486 33.21 22 1.78 0.22 false
36 21 20.28 1114 35.90 279 6.38 0.32 false
31 17 79.06 1476 26.42 132 3.41 0.21 true
96 41 23.25 2795 20.62 582 4.49 0.11 true
1 1 99.99 15 0.80 0 0.00 0.10 true
47 26 64.09 1337 25.25 180 3.23 0.13 true
52 25 81.33 1667 27.95 313 4.72 0.20 true
22 6 81.00 1127 23.33 147 2.67 0.53 true
16 7 90.14 274 24.46 28 3.14 0.52 true
47 27 49.21 2424 23.26 432 6.00 0.23 true
71 22 90.68 3138 29.32 302 2.82 0.13 true
104 47 69.45 1909 28.59 292 3.40 0.07 true
70 25 81.20 2507 48.46 623 5.52 0.23 false
41 11 69.11 680 21.88 158 3.64 0.36 false
37 14 95.91 1348 33.62 129 3.00 0.23 false
55 25 82.26 908 70.34 222 4.00 0.17 false
25 12 64.29 1975 36.13 438 4.17 0.38 false
43 16 29.83 2044 46.41 441 6.13 0.41 false
96 39 80.49 2169 54.61 587 4.82 0.13 false
26 8 82.39 1790 55.18 440 3.50 0.50 false
151 60 54.25 1478 38.97 418 5.73 0.10 false
25 14 70.37 449 28.03 70 3.43 0.26 false
50 18 67.69 1065 36.84 362 5.78 0.34 true
35 17 73.70 2073 26.07 259 4.35 0.27 true
27 14 75.53 1022 10.75 184 5.57 0.43 true
37 19 70.44 1973 29.30 432 5.37 0.30 true
10 6 83.22 1294 30.07 37 2.67 0.53 true
49 30 78.25 897 25.26 161 3.93 0.14 true
56 23 93.97 2125 46.04 229 2.78 0.13 true
18 4 99.99 49 92.91 15 2.00 0.67 true
131 57 54.42 9765 49.86 1599 6.04 0.11 true
77 34 82.71 6511 38.99 901 4.82 0.15 true
48 28 60.29 2063 50.22 338 6.36 0.24 false
37 16 48.73 2218 44.65 464 5.88 0.39 false
46 14 81.25 1030 45.26 390 5.57 0.43 false
41 10 99.15 593 23.13 214 2.80 0.31 false
35 16 28.93 1683 34.19 432 6.38 0.43 false
71 31 42.00 1321 57.43 272 3.23 0.11 false
39 21 67.75 850 23.97 196 3.71 0.19 false
6 3 99.99 79 30.48 12 1.33 0.67 false
54 23 76.22 568 23.88 158 4.00 0.18 false
79 24 87.76 1464 61.47 309 4.00 0.17 false
139 61 26.88 6585 27.52 1257 4.89 0.08 true
23 13 72.80 548 14.28 118 5.23 0.44 true
104 48 74.63 6251 34.96 1044 5.75 0.12 true
10 4 99.99 46 4.83 6 2.00 0.67 true
60 31 34.24 2473 29.04 607 5.03 0.17 true
48 18 75.24 889 45.42 216 5.11 0.30 true
93 31 45.44 1540 27.19 254 3.68 0.12 true
96 34 87.91 1871 24.99 417 4.24 0.13 true
45 17 86.79 2462 51.67 457 4.35 0.27 true
21 11 38.26 695 36.27 92 3.64 0.36 true
