5 1 99.99 65 3.67 0 0.00 0.10 false
27 10 91.39 93 53.97 14 2.20 0.24 false
10 8 92.49 80 47.25 14 2.00 0.29 false
85 39 65.90 836 24.77 137 2.82 0.07 false
14 3 99.99 35 61.04 3 1.33 0.67 false
4 2 99.99 44 76.74 0 1.00 1.00 false
6 4 99.99 69 48.96 4 1.50 0.50 false
2 1 99.99 2 0.10 0 0.00 0.10 false
1 1 99.99 8 0.10 0 0.00 0.10 false
1 1 99.99 21 69.17 0 0.00 0.10 false
41 8 96.40 167 46.58 14 1.75 0.25 true
17 6 94.18 86 86.60 9 1.67 0.33 true
5 2 99.99 35 64.58 0 1.00 1.00 true
3 1 99.99 8 57.56 0 0.00 0.10 true
3 2 99.99 54 29.80 0 1.00 1.00 true
69 7 90.52 95 71.14 17 2.00 0.33 true
73 2 99.99 38 77.46 0 1.00 1.00 true
5 1 99.99 17 50.04 0 0.00 0.10 true
3 2 99.99 45 60.24 0 1.00 1.00 true
13 6 89.95 279 50.27 21 2.00 0.40 true
33 10 97.95 638 46.24 41 1.80 0.20 false
1 1 99.99 37 24.12 0 0.00 0.10 false
18 8 96.38 360 66.14 21 1.75 0.25 false
14 7 94.56 92 62.68 8 2.00 0.33 false
1 1 99.99 8 71.66 0 0.00 0.10 false
1 0 0.10 0 0.00 0 0.10 0.10 false
3 1 99.99 10 1.40 0 0.00 0.10 false
6 2 99.99 31 58.08 0 1.00 1.00 false
4 3 99.99 74 27.27 17 1.33 0.67 false
8 2 99.99 32 35.80 0 1.00 1.00 false
5 2 99.99 70 19.42 0 1.00 1.00 true
41 7 96.11 129 69.17 12 2.00 0.33 true
49 24 89.80 824 61.03 206 3.25 0.14 true
44 27 71.17 524 22.41 116 3.19 0.12 true
350 144 48.42 1658 25.10 690 5.00 0.03 true
92 20 92.59 473 31.43 63 2.70 0.14 true
4 2 99.99 9 2.68 0 1.00 1.00 true
46 13 91.00 178 67.09 57 2.31 0.19 true
7 1 99.99 6 69.98 0 0.00 0.10 true
39 9 97.99 350 42.28 17 2.22 0.28 true
27 17 83.53 243 57.59 35 2.35 0.15 false
9 6 82.13 56 69.28 8 1.67 0.33 false
10 2 99.99 44 24.95 0 1.00 1.00 false
8 2 99.99 29 83.87 0 1.00 1.00 false
8 4 99.99 25 67.46 5 1.50 0.50 false
14 4 99.99 52 28.40 5 1.50 0.50 false
22 8 95.71 187 50.36 16 2.00 0.29 false
8 4 99.99 27 48.85 8 1.50 0.50 false
22 10 90.56 265 21.79 37 2.60 0.29 false
1 1 99.99 3 25.89 0 0.00 0.10 false
15 5 99.99 60 70.37 8 1.60 0.40 true
194 35 79.52 337 68.72 133 3.14 0.09 true
155 33 75.37 325 74.71 122 3.27 0.10 true
8 3 99.99 54 35.47 3 1.33 0.67 true
1 1 99.99 14 52.36 0 0.00 0.10 true
6 5 99.99 50 27.39 5 1.60 0.40 true
5 3 99.99 21 7.17 5 1.33 0.67 true
31 20 84.83 943 29.84 91 2.90 0.15 true
15 5 99.99 289 73.09 7 1.60 0.40 true
20 13 95.21 272 68.14 31 2.15 0.18 true
9 0 0.10 0 0.00 0 0.10 0.10 false
89 28 72.41 417 32.08 82 3.21 0.12 false
1 1 99.99 24 62.03 0 0.00 0.10 false
3 1 99.99 28 67.70 0 0.00 0.10 false
62 34 83.56 572 30.95 117 2.88 0.09 false
17 4 99.99 58 22.94 9 1.50 0.50 false
2 2 99.99 13 5.90 0 1.00 1.00 false
1 1 99.99 3 28.65 0 0.00 0.10 false
5 3 99.99 22 30.45 2 1.33 0.67 false
1 1 99.99 12 4.48 0 0.00 0.10 false
6 1 99.99 38 21.53 0 0.00 0.10 true
12 2 99.99 45 13.73 0 1.00 1.00 true
5 1 99.99 40 58.61 0 0.00 0.10 true
2 1 99.99 4 84.81 0 0.00 0.10 true
13 4 99.99 182 44.05 9 1.50 0.50 true
12 6 49.99 24 50.87 8 2.00 0.40 true
1 1 99.99 1 49.58 0 0.00 0.10 true
79 30 75.48 824 8.91 266 4.73 0.16 true
80 24 92.09 443 11.83 95 2.58 0.11 true
8 7 97.10 173 53.52 10 1.71 0.29 true
4 2 99.99 13 64.01 0 1.00 1.00 false
2 1 99.99 1 9.96 0 0.00 0.10 false
9 3 99.99 39 79.74 7 1.33 0.67 false
6 1 99.99 144 41.66 0 0.00 0.10 false
15 9 92.54 322 47.52 16 2.44 0.31 false
5 3 99.99 71 64.67 3 1.33 0.67 false
9 4 99.99 107 72.98 7 1.50 0.50 false
9 2 99.99 45 65.61 0 1.00 1.00 false
4 2 99.99 20 57.56 0 1.00 1.00 false
28 10 91.77 73 52.22 15 2.20 0.24 false
29 12 88.65 194 50.40 33 2.50 0.23 true
80 18 88.88 153 64.58 39 2.00 0.12 true
3 2 99.99 16 46.34 0 1.00 1.00 true
5 2 99.99 10 76.79 0 1.00 1.00 true
170 42 84.51 717 68.58 169 3.14 0.08 true
4 2 99.99 73 39.50 0 1.00 1.00 true
57 35 81.41 748 45.60 150 3.77 0.11 true
3 1 99.99 17 3.15 0 0.00 0.10 true
51 20 94.33 689 34.73 69 2.30 0.12 true
1 1 99.99 44 6.37 0 0.00 0.10 true
