21 11 24.93 425 32.92 49 2.73 0.27 false
33 10 97.95 638 46.24 41 1.80 0.20 false
15 8 91.75 267 54.56 22 2.25 0.32 false
11 8 87.04 139 30.51 28 2.00 0.29 false
1 1 99.99 54 23.79 0 0.00 0.10 false
12 6 61.10 108 17.01 16 2.33 0.47 false
7 3 99.99 158 28.49 3 1.33 0.67 false
2 1 99.99 21 29.61 0 0.00 0.10 false
5 3 99.99 63 56.92 4 1.33 0.67 false
4 2 99.99 43 11.54 0 1.00 1.00 false
42 26 48.22 593 28.39 111 3.08 0.12 true
39 22 81.29 1203 36.62 134 2.55 0.12 true
50 27 57.46 1091 31.24 137 3.41 0.13 true
3 3 99.99 108 35.64 7 2.00 1.00 true
14 12 52.05 655 16.83 70 2.83 0.26 true
4 3 99.99 161 18.60 8 1.33 0.67 true
5 4 99.99 659 41.70 7 1.50 0.50 true
2 1 99.99 16 9.70 0 0.00 0.10 true
3 3 99.99 52 17.05 1 1.33 0.67 true
20 15 83.12 498 16.90 38 2.27 0.16 true
89 28 72.41 417 32.08 82 3.21 0.12 false
54 23 64.48 414 22.69 79 2.87 0.13 false
40 21 77.13 1238 29.23 98 2.95 0.15 false
49 18 73.44 290 22.57 65 2.89 0.17 false
10 1 99.99 1 0.04 0 0.00 0.10 false
11 2 99.99 23 14.53 0 1.00 1.00 false
22 4 99.99 185 34.12 30 2.50 0.83 false
2 2 99.99 24 28.05 0 1.00 1.00 false
6 3 99.99 79 30.48 12 1.33 0.67 false
3 2 99.99 9 1.83 0 1.00 1.00 false
34 18 93.19 1749 23.87 198 3.44 0.20 true
92 45 61.17 1082 13.60 177 3.16 0.07 true
23 7 88.15 228 34.06 37 2.86 0.48 true
11 6 69.47 154 50.82 31 2.00 0.40 true
15 14 86.53 654 34.55 72 3.43 0.26 true
11 9 88.04 226 19.02 15 2.22 0.28 true
1 0 0.10 0 0.00 0 0.10 0.10 true
1 1 99.99 48 10.68 0 0.00 0.10 true
7 6 88.79 125 32.59 12 2.00 0.40 true
44 24 63.30 785 19.78 158 3.17 0.14 true
85 39 65.90 836 24.77 137 2.82 0.07 false
62 34 83.56 572 31.00 117 2.88 0.09 false
17 4 99.99 57 23.80 8 1.50 0.50 false
6 5 99.99 107 5.61 9 1.60 0.40 false
14 11 33.06 127 59.03 22 2.55 0.25 false
3 3 99.99 98 15.92 11 2.00 1.00 false
7 5 99.99 265 68.24 19 1.60 0.40 false
4 2 99.99 80 31.24 0 1.00 1.00 false
2 2 99.99 90 79.61 0 1.00 1.00 false
3 3 99.99 108 45.73 11 1.33 0.67 false
38 21 49.28 990 19.95 138 2.86 0.14 true
38 12 93.64 567 12.92 40 2.33 0.21 true
8 6 71.77 489 35.37 27 2.00 0.40 true
2 1 99.99 38 13.49 0 0.00 0.10 true
3 3 99.99 46 47.24 4 1.33 0.67 true
75 52 69.65 3527 23.53 244 2.85 0.06 true
143 59 53.19 1282 20.49 264 3.66 0.06 true
6 3 99.99 60 25.53 11 1.33 0.67 true
47 35 66.05 766 33.93 87 2.63 0.08 true
22 12 76.40 852 58.49 74 2.83 0.26 true
2 1 99.99 243 61.83 0 0.00 0.10 false
6 4 99.99 142 35.21 17 2.00 0.67 false
12 9 93.22 133 35.86 27 2.44 0.31 false
52 25 77.79 563 17.05 79 2.56 0.11 false
15 6 55.79 181 35.30 37 3.00 0.60 false
14 1 99.99 2 10.35 0 0.00 0.10 false
2 1 99.99 54 23.92 0 0.00 0.10 false
8 2 99.99 145 21.08 0 1.00 1.00 false
1 0 0.10 0 0.00 0 0.10 0.10 false
7 4 99.99 61 37.66 5 1.50 0.50 false
11 9 90.29 474 19.21 63 2.22 0.28 true
26 9 98.90 552 22.24 20 1.78 0.22 true
60 24 92.91 650 15.85 70 2.42 0.11 true
2 1 99.99 57 59.18 0 0.00 0.10 true
7 4 99.99 57 32.98 4 1.50 0.50 true
3 3 99.99 162 51.72 17 2.00 1.00 true
10 4 99.99 82 29.01 25 2.50 0.83 true
5 4 99.99 40 13.77 12 2.00 0.67 true
44 19 72.64 490 31.36 112 4.00 0.22 true
83 36 67.64 1533 30.49 220 2.78 0.08 true
7 4 99.99 111 54.33 9 1.50 0.50 false
10 5 99.99 49 7.60 8 2.00 0.50 false
1 0 0.10 0 0.00 0 0.10 0.10 false
14 6 82.88 263 71.90 24 2.00 0.40 false
12 5 99.99 112 25.11 27 2.00 0.50 false
1 1 99.99 12 3.64 0 0.00 0.10 false
9 6 41.45 82 33.60 15 3.67 0.73 false
2 1 99.99 39 94.61 0 0.00 0.10 false
1 1 99.99 73 57.18 0 0.00 0.10 false
2 1 99.99 27 5.96 0 0.00 0.10 false
126 50 72.62 1593 17.63 270 3.64 0.07 true
31 21 76.78 1366 37.50 112 2.76 0.14 true
1 1 99.99 51 12.29 0 0.00 0.10 true
65 19 91.19 727 29.06 94 2.53 0.14 true
2 2 99.99 9 20.90 0 1.00 1.00 true
1 1 99.99 39 14.26 0 0.00 0.10 true
86 33 69.49 918 41.71 220 3.82 0.12 true
2 2 99.99 14 32.50 0 1.00 1.00 true
129 46 63.48 1112 35.77 183 2.87 0.06 true
3 2 99.99 159 20.63 0 1.00 1.00 true
